7430
7360
5910
5040
4150
4010
3550
3410
3300
3060
2910
2910
2780
2410
2330
2170
2000
1960
1780
1750
1640
1620
1610
1570
1520
1510
1510
1460
1430
1320
1320
1300
1270
1250
1160
1140
1120
1090
1090
1020
990
970
950
910
900
890
870
860
840
810
780
770
770
760
740
740
740
720
680
680
680
660
660
640
640
630
630
620
620
610
600
600
590
570
570
550
550
540
540
540
540
510
510
490
480
480
470
470
460
460
460
460
450
440
440
430
430
420
400
390
360
360
360
350
350
350
350
350
350
350
340
340
330
330
320
320
320
320
310
310
310
300
300
300
300
300
300
300
290
290
290
290
290
290
290
290
280
280
270
270
270
270
270
260
250
250
250
250
250
250
250
250
240
240
230
230
230
230
230
230
230
220
220
220
220
210
210
210
200
200
190
190
190
180
180
180
180
180
180
180
170
160
150
150
140
140
120
90
60
50
0
